video_test_0000001	7.5	10.1	45	0.090255
video_test_0000001	11.0	13.0	45	0.299143
video_test_0000001	21.9	23.3	45	0.861405
video_test_0000001	34.1	34.4	45	0.790168
video_test_0000002	3.9	9.1	68	0.864564
video_test_0000002	11.9	19.4	68	0.358108
video_test_0000003	6.5	7.2	23	0.576574
video_test_0000004	16.6	17.4	21	0.279292
video_test_0000005	0.2	2.9	9	0.243472
video_test_0000005	5.4	6.6	9	0.908856
video_test_0000005	7.8	8.4	9	0.565868
video_test_0000006	9.9	10.1	31	0.380718
video_test_0000006	15.7	15.7	31	0.907734
video_test_0000006	18.3	22.2	31	0.217163
video_test_0000007	1.9	6.1	7	0.389121
video_test_0000007	37.7	41.6	7	0.946116
video_test_0000008	3.6	3.7	45	0.116362
video_test_0000008	4.1	4.9	45	0.905276
video_test_0000009	1.1	1.7	93	0.659806
video_test_0000009	2.4	3.2	93	0.578531
video_test_0000009	4.1	4.2	93	0.041668
video_test_0000010	1.5	2.9	22	0.444400
video_test_0000010	5.1	6.6	22	0.469996
video_test_0000010	9.8	10.1	22	0.178239
video_test_0000010	12.0	12.6	22	0.342124
video_test_0000011	2.5	3.1	33	0.528569
video_test_0000011	3.5	4.2	33	0.227127
video_test_0000011	8.3	9.9	33	0.262321
video_test_0000012	18.2	25.1	24	0.527004
video_test_0000012	25.4	27.9	24	0.389796
video_test_0000013	10.2	17.4	31	0.597008
video_test_0000013	34.5	38.3	31	0.176877
video_test_0000014	4.9	6.4	7	0.048550
video_test_0000014	9.7	17.5	7	0.100838
video_test_0000015	0.1	1.3	85	0.736852
video_test_0000015	1.5	3.1	85	0.728872
video_test_0000015	3.8	4.0	85	0.854816
video_test_0000016	17.3	27.0	40	0.500752
video_test_0000017	2.1	3.3	85	0.314891
video_test_0000017	3.7	5.8	85	0.749845
video_test_0000018	28.7	37.5	97	0.092469
video_test_0000019	0.3	3.8	45	0.237346
video_test_0000019	3.9	4.1	45	0.324594
video_test_0000019	12.8	14.5	45	0.415825
video_test_0000020	10.7	14.8	40	0.942128
video_test_0000020	16.6	23.4	40	0.109265
video_test_0000021	11.0	14.0	12	0.381841
video_test_0000021	17.3	18.0	12	0.293833
video_test_0000022	11.7	12.1	23	0.457304
video_test_0000022	21.9	22.4	23	0.773158
video_test_0000022	23.4	23.9	23	0.753207
video_test_0000022	26.8	30.7	23	0.887288
video_test_0000023	0.1	9.0	36	0.570253
video_test_0000023	11.2	19.5	36	0.300514
video_test_0000024	11.9	12.2	23	0.134393
video_test_0000025	14.3	17.9	45	0.782312
video_test_0000025	24.8	28.7	45	0.333053
video_test_0000026	6.6	9.4	93	0.778562
video_test_0000026	12.9	19.0	93	0.644382
video_test_0000027	0.0	0.0	31	0.109795
video_test_0000027	0.0	0.0	31	0.734967
video_test_0000028	25.2	25.3	79	0.575284
video_test_0000028	33.2	34.1	79	0.632570
video_test_0000028	41.3	45.7	79	0.210354
video_test_0000029	2.9	10.4	36	0.366125
video_test_0000029	28.6	31.5	36	0.934229
video_test_0000030	9.2	10.4	26	0.169807
video_test_0000031	12.3	15.0	33	0.565108
video_test_0000031	26.0	32.1	33	0.317774
video_test_0000032	10.5	12.0	45	0.625108
video_test_0000032	14.2	16.8	45	0.970404
video_test_0000033	1.0	3.3	79	0.402657
video_test_0000033	3.8	4.0	79	0.168059
video_test_0000033	9.2	9.5	79	0.765144
video_test_0000033	16.1	17.4	79	0.858474
video_test_0000034	1.6	1.9	51	0.009287
video_test_0000034	2.1	2.2	51	0.430645
video_test_0000034	2.4	2.7	51	0.238172
video_test_0000034	3.8	4.8	51	0.600579
video_test_0000035	8.2	11.5	79	0.548525
video_test_0000035	29.1	30.0	79	0.617251
video_test_0000035	36.3	36.9	79	0.081252
video_test_0000035	44.0	44.1	79	0.114992
video_test_0000036	0.3	0.8	24	0.988584
video_test_0000036	1.1	5.7	24	0.552664
video_test_0000036	6.1	7.1	24	0.999113
video_test_0000036	9.8	13.4	24	0.889013
video_test_0000037	2.1	3.9	92	0.613168
video_test_0000037	4.0	7.2	92	0.554145
video_test_0000037	14.1	15.5	92	0.574698
video_test_0000037	17.2	19.2	92	0.119378
video_test_0000038	0.0	0.0	9	0.952538
video_test_0000038	0.0	0.0	9	0.322933
video_test_0000038	0.0	0.0	9	0.692781
video_test_0000038	0.0	0.0	9	0.198166
video_test_0000039	11.1	17.4	40	0.387424
video_test_0000040	17.4	18.3	9	0.909948
video_test_0000041	4.8	4.8	92	0.682042
video_test_0000041	14.5	17.1	92	0.002236
video_test_0000042	0.0	0.0	23	0.859939
video_test_0000042	0.0	0.0	23	0.311662
video_test_0000042	0.0	0.0	23	0.290758
video_test_0000043	3.7	6.7	40	0.632700
video_test_0000043	10.4	18.5	40	0.159654
video_test_0000044	5.8	6.0	51	0.300211
video_test_0000044	7.0	8.8	51	0.220360
video_test_0000044	11.8	13.8	51	0.034246
video_test_0000044	23.1	24.9	51	0.018231
video_test_0000045	10.0	12.6	7	0.027758
video_test_0000045	14.1	18.6	7	0.107781
video_test_0000046	16.5	24.9	51	0.624161
video_test_0000046	29.3	34.6	51	0.617935
video_test_0000047	11.6	14.6	24	0.876647
video_test_0000047	17.1	19.2	24	0.169005
video_test_0000047	27.4	27.9	24	0.145825
video_test_0000048	1.9	2.0	36	0.821549
video_test_0000049	2.2	3.8	85	0.614404
video_test_0000049	4.7	4.9	85	0.574902
video_test_0000050	13.2	15.8	7	0.089995
video_test_0000050	19.5	21.8	7	0.186307
video_test_0000050	28.6	35.6	7	0.236860
video_test_0000051	1.1	1.3	85	0.812890
video_test_0000051	1.7	1.8	85	0.188053
video_test_0000051	2.0	2.7	85	0.471777
video_test_0000051	4.2	4.2	85	0.666758
video_test_0000052	15.3	24.0	68	0.440734
video_test_0000053	1.0	7.9	93	0.129117
video_test_0000054	3.6	4.6	92	0.454149
video_test_0000054	4.9	13.4	92	0.258458
video_test_0000055	3.7	7.3	21	0.061520
video_test_0000055	11.7	11.8	21	0.328318
video_test_0000055	21.1	22.5	21	0.857790
video_test_0000055	30.0	33.3	21	0.171448
video_test_0000056	0.5	1.5	85	0.406399
video_test_0000056	3.3	3.4	85	0.605330
video_test_0000056	4.5	4.9	85	0.938237
video_test_0000056	11.6	11.9	85	0.291195
video_test_0000057	1.1	1.6	7	0.056055
video_test_0000057	15.6	16.0	7	0.966389
video_test_0000058	1.6	6.8	26	0.352448
video_test_0000058	14.8	23.9	26	0.453229
video_test_0000059	5.5	8.3	24	0.816395
video_test_0000059	11.9	13.1	24	0.314851
video_test_0000060	1.0	7.4	26	0.860675
video_test_0000061	1.0	3.9	40	0.483603
video_test_0000061	12.4	13.0	40	0.724821
video_test_0000061	20.3	23.0	40	0.308554
video_test_0000061	30.0	30.5	40	0.356138
video_test_0000062	11.2	13.5	33	0.127153
video_test_0000062	17.7	23.1	33	0.436301
video_test_0000063	1.9	3.2	68	0.681229
video_test_0000063	9.4	18.2	68	0.316323
video_test_0000064	0.3	1.5	33	0.391383
video_test_0000064	3.4	4.6	33	0.011304
video_test_0000065	14.0	17.8	51	0.748795
video_test_0000065	34.1	35.7	51	0.995078
video_test_0000066	0.0	0.0	68	0.223823
video_test_0000067	4.2	8.1	24	0.870098
video_test_0000067	24.9	32.2	24	0.075322
video_test_0000068	12.1	14.0	12	0.321306
video_test_0000068	18.8	22.2	12	0.391797
video_test_0000069	3.4	5.6	24	0.540365
video_test_0000069	12.0	12.3	24	0.780417
video_test_0000069	29.8	34.4	24	0.861074
video_test_0000070	16.9	29.6	31	0.718402
video_test_0000071	2.3	2.8	40	0.819764
video_test_0000071	3.0	4.7	40	0.459525
video_test_0000072	0.3	1.9	12	0.291331
video_test_0000072	2.2	3.5	12	0.465840
video_test_0000073	28.5	34.0	85	0.359907
video_test_0000074	1.5	3.8	7	0.398809
video_test_0000074	8.8	9.5	7	0.193936
video_test_0000074	10.0	10.6	7	0.092515
video_test_0000074	11.8	12.2	7	0.233774
video_test_0000075	1.8	1.8	23	0.763102
video_test_0000075	4.7	4.7	23	0.975485
video_test_0000075	8.1	8.5	23	0.202100
video_test_0000076	7.1	7.8	40	0.047564
video_test_0000077	30.9	32.0	92	0.367084
video_test_0000077	43.8	45.8	92	0.391775
video_test_0000078	27.2	37.0	21	0.420625
video_test_0000079	0.0	0.0	23	0.852668
video_test_0000079	0.0	0.0	23	0.274241
video_test_0000080	11.9	15.5	51	0.311853
video_test_0000080	27.7	29.8	51	0.551652
video_test_0000081	2.8	5.8	51	0.356937
video_test_0000081	21.2	22.0	51	0.076199
video_test_0000081	26.8	29.8	51	0.991060
video_test_0000082	4.4	9.2	40	0.996784
video_test_0000082	13.1	15.6	40	0.881677
video_test_0000082	22.5	23.9	40	0.795734
video_test_0000083	0.6	1.0	97	0.579413
video_test_0000083	1.3	2.9	97	0.949940
video_test_0000083	4.2	6.0	97	0.974462
video_test_0000083	7.1	8.3	97	0.635101
video_test_0000084	0.0	0.5	36	0.463082
video_test_0000084	0.8	2.3	36	0.500544
video_test_0000084	2.7	3.5	36	0.394972
video_test_0000084	3.7	4.6	36	0.480652
video_test_0000085	3.8	5.6	40	0.339555
video_test_0000086	1.8	2.0	92	0.758758
video_test_0000086	15.2	19.1	92	0.948817
video_test_0000087	12.4	21.2	22	0.969284
video_test_0000088	0.8	6.6	45	0.011590
video_test_0000088	12.0	12.4	45	0.651516
video_test_0000089	3.5	5.6	24	0.857930
video_test_0000089	7.4	10.4	24	0.667031
video_test_0000090	2.5	9.6	21	0.880081
video_test_0000091	1.5	2.7	40	0.430058
video_test_0000092	0.0	0.7	33	0.095365
video_test_0000092	3.2	6.2	33	0.850312
video_test_0000093	0.7	1.4	68	0.116646
video_test_0000093	1.9	3.7	68	0.728454
video_test_0000093	5.8	7.1	68	0.091575
video_test_0000093	7.7	10.0	68	0.429236
video_test_0000094	3.2	3.3	85	0.224032
video_test_0000095	0.0	0.0	23	0.490386
video_test_0000095	0.0	0.0	23	0.248431
video_test_0000096	4.1	5.4	26	0.763647
video_test_0000096	5.8	8.2	26	0.986039
video_test_0000096	8.9	9.7	26	0.085812
video_test_0000097	1.0	4.6	68	0.287299
video_test_0000097	6.8	7.8	68	0.562033
video_test_0000097	10.9	14.4	68	0.759640
video_test_0000097	23.2	23.2	68	0.219731
video_test_0000098	5.9	7.5	24	0.093295
video_test_0000098	17.9	22.1	24	0.582633
video_test_0000099	19.7	22.3	93	0.041209
video_test_0000099	36.3	38.2	93	0.277823
video_test_0000099	38.3	39.5	93	0.087151
video_test_0000100	0.3	4.7	21	0.024007
video_test_0000101	12.3	13.4	85	0.654582
video_test_0000102	5.4	7.5	21	0.888881
video_test_0000102	13.8	15.5	21	0.553426
video_test_0000102	21.5	24.2	21	0.616631
video_test_0000103	0.0	0.0	97	0.069676
video_test_0000103	0.0	0.0	97	0.063082
video_test_0000103	0.0	0.0	97	0.783984
video_test_0000103	0.0	0.0	97	0.756340
video_test_0000104	3.5	4.2	85	0.266482
video_test_0000104	4.7	4.7	85	0.406539
video_test_0000105	1.9	5.6	23	0.111130
video_test_0000105	8.9	9.9	23	0.015472
video_test_0000105	18.9	22.3	23	0.484357
video_test_0000106	12.3	17.3	21	0.510121
video_test_0000107	7.3	10.7	24	0.755395
video_test_0000107	12.9	12.9	24	0.347659
video_test_0000107	16.4	17.8	24	0.061001
video_test_0000108	13.4	14.5	12	0.303946
video_test_0000108	39.2	43.9	12	0.236725
video_test_0000109	4.6	4.6	36	0.640374
video_test_0000109	14.0	17.5	36	0.306537
video_test_0000109	24.3	32.2	36	0.409870
video_test_0000110	2.0	3.2	97	0.311731
video_test_0000111	1.6	2.4	24	0.503174
video_test_0000111	3.8	5.0	24	0.226779
video_test_0000112	7.7	9.5	9	0.773676
video_test_0000112	10.0	14.2	9	0.136724
video_test_0000112	27.3	28.3	9	0.510876
video_test_0000113	16.9	23.1	85	0.086500
video_test_0000113	34.1	34.7	85	0.096919
video_test_0000114	16.6	16.7	85	0.580598
video_test_0000115	0.6	1.4	22	0.529496
video_test_0000115	6.5	10.1	22	0.118546
video_test_0000115	15.7	17.6	22	0.058390
video_test_0000115	25.0	28.1	22	0.714452
video_test_0000116	0.4	0.5	93	0.527396
video_test_0000116	3.6	4.8	93	0.527413
video_test_0000117	2.8	5.7	21	0.973934
video_test_0000117	5.8	13.3	21	0.689957
video_test_0000118	6.3	7.6	26	0.292292
video_test_0000118	8.2	10.6	26	0.194967
video_test_0000118	12.4	15.2	26	0.321315
video_test_0000118	15.3	17.1	26	0.427058
video_test_0000119	3.2	9.4	36	0.791405
video_test_0000120	0.2	1.8	36	0.426369
video_test_0000120	2.2	2.3	36	0.322438
video_test_0000120	3.0	3.2	36	0.262510
video_test_0000120	4.3	4.6	36	0.481408
video_test_0000121	7.8	9.2	21	0.208769
video_test_0000121	16.1	16.3	21	0.942876
video_test_0000121	20.8	23.2	21	0.016069
video_test_0000122	0.2	1.2	7	0.255657
video_test_0000122	1.2	1.7	7	0.620673
video_test_0000122	1.8	2.9	7	0.146535
video_test_0000122	3.8	4.1	7	0.491128
video_test_0000123	7.0	11.2	93	0.159971
video_test_0000123	12.4	16.9	93	0.394123
video_test_0000124	0.0	0.0	7	0.355022
video_test_0000125	2.5	2.8	85	0.910358
video_test_0000126	0.9	1.0	24	0.213331
video_test_0000126	1.3	1.9	24	0.383195
video_test_0000126	2.8	3.2	24	0.487242
video_test_0000126	4.1	4.8	24	0.318428
video_test_0000127	15.4	16.3	85	0.253228
video_test_0000127	26.5	29.7	85	0.494934
video_test_0000128	2.0	5.7	68	0.819883
video_test_0000128	7.0	9.1	68	0.904934
video_test_0000128	15.0	15.4	68	0.410223
video_test_0000129	4.1	4.9	51	0.951600
video_test_0000129	5.7	10.5	51	0.993980
video_test_0000129	22.3	27.2	51	0.917624
video_test_0000129	37.0	39.9	51	0.410584
video_test_0000130	30.2	33.1	68	0.671382
video_test_0000131	23.1	24.6	21	0.170546
video_test_0000131	32.4	34.7	21	0.507967
video_test_0000132	0.7	1.2	12	0.347917
video_test_0000132	1.2	2.4	12	0.912949
video_test_0000132	2.5	3.0	12	0.717380
video_test_0000132	4.3	4.4	12	0.895663
video_test_0000133	1.0	4.1	26	0.152018
video_test_0000134	4.5	5.8	51	0.330525
video_test_0000134	9.3	11.1	51	0.463502
video_test_0000135	2.6	2.7	23	0.882306
video_test_0000135	4.0	5.0	23	0.517549
video_test_0000136	8.2	11.3	51	0.515769
video_test_0000136	27.6	28.7	51	0.015174
video_test_0000137	11.5	11.8	93	0.283502
video_test_0000137	18.7	19.9	93	0.080382
video_test_0000137	25.3	25.9	93	0.158496
video_test_0000137	29.1	31.2	93	0.474565
video_test_0000138	0.5	1.4	40	0.523909
video_test_0000138	2.0	3.5	40	0.976214
video_test_0000138	4.3	4.9	40	0.381714
video_test_0000139	8.1	11.3	21	0.345675
video_test_0000139	11.3	13.9	21	0.330659
video_test_0000140	4.0	8.9	93	0.078184
video_test_0000140	11.0	13.1	93	0.605114
video_test_0000141	1.6	2.2	68	0.801731
video_test_0000141	11.3	17.2	68	0.715910
video_test_0000142	0.1	0.8	7	0.641241
video_test_0000142	1.2	2.5	7	0.067283
video_test_0000142	3.1	3.9	7	0.768185
video_test_0000143	14.2	22.9	21	0.698611
video_test_0000144	5.4	6.4	93	0.200422
video_test_0000144	10.3	10.8	93	0.715243
video_test_0000144	17.4	19.6	93	0.968314
video_test_0000145	6.1	8.2	51	0.615572
video_test_0000145	16.5	24.2	51	0.373135
video_test_0000146	2.7	6.3	79	0.567088
video_test_0000146	6.9	10.6	79	0.890670
video_test_0000146	14.4	18.0	79	0.180286
video_test_0000147	7.5	9.9	24	0.112142
video_test_0000147	18.1	24.3	24	0.836558
video_test_0000148	24.5	25.4	97	0.550202
video_test_0000148	34.4	39.0	97	0.723800
video_test_0000149	20.1	27.6	7	0.032432
video_test_0000150	0.1	0.2	85	0.176247
video_test_0000150	0.9	3.7	85	0.387464
video_test_0000150	4.4	4.5	85	0.679820
video_test_0000151	3.4	3.4	24	0.833190
video_test_0000151	3.8	4.4	24	0.510797
video_test_0000152	0.0	0.0	7	0.608565
video_test_0000152	0.0	0.0	7	0.590099
video_test_0000153	20.9	24.2	23	0.252505
video_test_0000154	16.0	26.8	12	0.346639
video_test_0000155	0.0	0.0	51	0.646918
video_test_0000155	0.0	0.0	51	0.984955
video_test_0000155	0.0	0.0	51	0.781409
video_test_0000156	11.9	16.8	31	0.177773
video_test_0000156	20.9	23.2	31	0.628573
video_test_0000157	16.2	23.8	68	0.237744
video_test_0000158	1.0	1.1	51	0.109966
video_test_0000158	4.4	9.2	51	0.636399
video_test_0000158	15.5	18.1	51	0.292174
video_test_0000158	30.0	32.3	51	0.634615
video_test_0000159	0.0	0.0	23	0.787510
video_test_0000159	0.0	0.0	23	0.054576
video_test_0000159	0.0	0.0	23	0.004450
video_test_0000160	1.4	3.9	22	0.792980
video_test_0000160	4.6	5.6	22	0.611878
video_test_0000160	12.2	12.9	22	0.673538
video_test_0000161	1.4	1.4	93	0.329188
video_test_0000161	19.5	23.9	93	0.899911
video_test_0000162	0.0	0.0	31	0.795489
video_test_0000162	0.0	0.0	31	0.827433
video_test_0000162	0.0	0.0	31	0.853613
video_test_0000162	0.0	0.0	31	0.910569
video_test_0000163	0.5	3.4	31	0.511338
video_test_0000164	11.1	12.0	40	0.695922
video_test_0000164	19.9	25.3	40	0.704073
video_test_0000165	7.1	7.4	93	0.249218
video_test_0000165	13.3	14.5	93	0.674939
video_test_0000166	8.6	12.1	51	0.658592
video_test_0000167	0.1	1.7	97	0.601442
video_test_0000167	7.4	9.6	97	0.225459
video_test_0000167	25.6	26.4	97	0.923700
video_test_0000168	3.9	5.2	79	0.168869
video_test_0000169	5.7	7.1	51	0.718635
video_test_0000169	31.5	35.0	51	0.188438
video_test_0000170	6.4	10.8	92	0.382403
video_test_0000170	25.3	31.5	92	0.341201
video_test_0000171	0.1	0.4	92	0.169623
video_test_0000171	2.3	4.6	92	0.584360
video_test_0000172	10.8	11.2	7	0.518679
video_test_0000172	16.4	19.1	7	0.489528
video_test_0000172	40.2	44.1	7	0.388562
video_test_0000173	4.9	8.5	22	0.589126
video_test_0000173	21.6	30.2	22	0.174662
video_test_0000174	5.8	6.9	51	0.277120
video_test_0000174	9.1	12.8	51	0.761867
video_test_0000174	19.1	19.6	51	0.426069
video_test_0000175	3.4	4.8	40	0.236302
video_test_0000175	7.3	7.5	40	0.047214
video_test_0000176	1.5	3.8	68	0.449308
video_test_0000177	1.8	9.8	24	0.150573
video_test_0000177	12.9	15.8	24	0.271795
video_test_0000178	6.9	13.5	92	0.667022
video_test_0000178	17.5	18.5	92	0.878171
video_test_0000179	0.0	0.0	9	0.683192
video_test_0000179	0.0	0.0	9	0.149226
video_test_0000179	0.0	0.0	9	0.498991
video_test_0000180	19.0	19.3	22	0.232017
video_test_0000181	5.7	7.5	24	0.688179
video_test_0000181	13.2	14.3	24	0.697560
video_test_0000182	0.3	7.1	31	0.828018
video_test_0000182	12.1	14.0	31	0.273856
video_test_0000183	5.9	6.9	26	0.855179
video_test_0000184	0.5	0.9	22	0.712439
video_test_0000184	3.5	3.9	22	0.259557
video_test_0000185	0.4	1.3	31	0.954439
video_test_0000185	1.4	2.4	31	0.157501
video_test_0000185	2.7	4.0	31	0.186553
video_test_0000186	2.1	3.9	24	0.119279
video_test_0000187	2.4	5.9	93	0.734281
video_test_0000187	13.8	17.9	93	0.050924
video_test_0000188	1.3	1.4	12	0.981675
video_test_0000188	4.8	6.6	12	0.202710
video_test_0000188	10.3	11.2	12	0.213686
video_test_0000188	22.2	26.7	12	0.524632
video_test_0000189	16.4	24.7	36	0.191063
video_test_0000190	1.7	3.8	23	0.844654
video_test_0000190	8.2	9.3	23	0.102710
video_test_0000190	32.4	37.2	23	0.090934
video_test_0000191	1.6	2.9	85	0.821595
video_test_0000191	4.0	4.4	85	0.753185
video_test_0000192	23.2	23.5	40	0.652588
video_test_0000193	7.5	10.2	92	0.810229
video_test_0000193	11.0	11.4	92	0.495099
video_test_0000193	19.9	24.4	92	0.805738
video_test_0000193	25.9	29.0	92	0.035942
video_test_0000194	0.9	2.4	23	0.595324
video_test_0000194	9.0	16.8	23	0.459416
video_test_0000194	18.7	19.0	23	0.697320
video_test_0000195	7.7	8.6	92	0.295734
video_test_0000195	21.8	26.5	92	0.116343
video_test_0000196	11.5	16.1	31	0.520445
video_test_0000196	18.1	18.9	31	0.937813
video_test_0000197	1.0	2.4	7	0.475853
video_test_0000197	5.1	7.6	7	0.399463
video_test_0000197	10.1	12.2	7	0.051215
video_test_0000198	3.4	4.3	33	0.677892
video_test_0000198	7.8	8.2	33	0.732815
video_test_0000199	0.0	0.0	51	0.831395
video_test_0000200	2.0	4.7	9	0.976304
video_test_0000200	12.7	15.7	9	0.891734
video_test_0000200	34.2	36.1	9	0.680322
video_test_0000201	30.3	31.8	92	0.857625
video_test_0000202	0.6	3.3	9	0.043251
video_test_0000202	7.9	9.9	9	0.480387
video_test_0000203	12.5	16.6	40	0.771637
video_test_0000203	28.1	37.9	40	0.971831
video_test_0000204	5.2	8.4	31	0.856019
video_test_0000204	8.9	14.7	31	0.125353
video_test_0000205	4.3	4.6	23	0.025359
video_test_0000205	7.4	7.7	23	0.096997
video_test_0000205	9.0	11.1	23	0.458794
video_test_0000205	15.4	18.4	23	0.646420
video_test_0000206	0.2	5.1	31	0.344478
video_test_0000206	6.6	11.0	31	0.068993
video_test_0000206	13.9	17.0	31	0.098427
video_test_0000206	24.4	27.1	31	0.022910
video_test_0000207	5.1	8.5	24	0.967056
video_test_0000207	8.7	13.1	24	0.263968
video_test_0000207	15.7	18.8	24	0.957349
video_test_0000208	5.7	6.1	68	0.141678
video_test_0000208	6.8	9.0	68	0.317530
video_test_0000208	22.1	23.8	68	0.132578
video_test_0000209	1.0	1.1	40	0.937266
video_test_0000209	1.6	2.8	40	0.644331
video_test_0000210	0.8	1.1	9	0.503298
video_test_0000210	2.3	4.5	9	0.792549
video_test_0000211	5.6	7.3	22	0.301741
video_test_0000211	29.4	34.8	22	0.478218
video_test_0000212	6.1	6.8	33	0.868157
video_test_0000212	16.3	16.5	33	0.637695
video_test_0000212	17.6	19.1	33	0.762614
video_test_0000213	1.3	4.5	40	0.671714
video_test_0000213	5.3	9.4	40	0.444571
video_test_0000213	12.6	16.4	40	0.152035
video_test_0000213	22.4	23.7	40	0.372948
video_test_0000214	6.4	7.1	33	0.770979
video_test_0000214	11.0	12.5	33	0.224067
video_test_0000214	15.1	16.0	33	0.484252
video_test_0000215	10.5	15.2	7	0.733852
video_test_0000216	2.1	10.0	23	0.546947
video_test_0000217	2.2	3.1	40	0.553563
video_test_0000217	7.2	9.5	40	0.707716
video_test_0000218	0.4	3.1	31	0.719748
video_test_0000218	3.5	4.0	31	0.135404
video_test_0000219	4.3	5.8	26	0.148484
video_test_0000219	7.5	7.7	26	0.545225
video_test_0000219	7.8	8.4	26	0.520970
video_test_0000220	7.0	9.0	45	0.905007
video_test_0000220	12.2	13.6	45	0.047531
video_test_0000220	15.4	17.3	45	0.580431
video_test_0000220	34.5	34.8	45	0.534315
video_test_0000221	10.9	16.9	24	0.002714
video_test_0000222	1.0	1.0	92	0.171771
video_test_0000222	5.7	9.5	92	0.403888
video_test_0000223	3.0	9.8	31	0.334128
video_test_0000224	14.2	21.0	26	0.961594
video_test_0000224	35.7	41.6	26	0.798261
video_test_0000225	10.0	13.2	68	0.842599
video_test_0000225	18.6	21.7	68	0.721552
video_test_0000225	26.3	29.2	68	0.181464
video_test_0000225	34.2	37.8	68	0.881487
video_test_0000226	7.9	11.6	7	0.118929
video_test_0000226	18.9	21.8	7	0.116972
video_test_0000226	30.5	34.9	7	0.817156
video_test_0000226	43.9	47.5	7	0.847101
video_test_0000227	9.5	14.7	26	0.341065
video_test_0000227	33.6	41.5	26	0.526101
video_test_0000228	17.0	17.7	31	0.531319
video_test_0000228	23.6	25.1	31	0.974572
video_test_0000228	30.3	32.8	31	0.866746
video_test_0000229	26.1	28.9	7	0.647872
video_test_0000230	5.4	9.5	33	0.916790
video_test_0000230	20.1	23.1	33	0.410144
video_test_0000230	30.0	31.9	33	0.865351
video_test_0000230	35.9	37.1	33	0.560821
video_test_0000231	6.2	8.4	92	0.178350
video_test_0000231	15.8	19.4	92	0.630715
video_test_0000232	1.5	3.1	93	0.746934
video_test_0000232	3.6	5.1	93	0.937547
video_test_0000232	7.8	8.6	93	0.486149
video_test_0000233	1.8	3.8	92	0.205484
video_test_0000233	12.3	19.1	92	0.213257
video_test_0000234	0.6	2.0	9	0.370134
video_test_0000234	28.7	32.7	9	0.869327
video_test_0000235	26.6	29.4	85	0.908115
video_test_0000236	10.3	13.9	7	0.545610
video_test_0000236	14.2	23.8	7	0.209524
video_test_0000237	3.7	7.8	33	0.307294
video_test_0000237	8.8	9.3	33	0.899249
video_test_0000238	9.1	10.6	51	0.057733
video_test_0000238	21.3	21.4	51	0.085302
video_test_0000238	24.6	27.4	51	0.653483
video_test_0000239	0.5	1.9	22	0.964855
video_test_0000239	1.9	3.1	22	0.348397
video_test_0000239	3.2	3.7	22	0.796858
video_test_0000239	4.1	4.3	22	0.542868
video_test_0000240	0.6	1.9	68	0.025599
video_test_0000240	4.2	4.2	68	0.846587
video_test_0000240	11.1	12.3	68	0.108918
video_test_0000240	14.6	15.0	68	0.531365
video_test_0000241	2.7	7.5	22	0.878302
video_test_0000242	0.7	1.4	40	0.505189
video_test_0000242	1.9	4.6	40	0.984188
video_test_0000243	1.6	8.9	51	0.114929
video_test_0000244	0.0	0.0	33	0.358591
video_test_0000244	0.0	0.0	33	0.082360
video_test_0000245	0.9	5.9	9	0.069526
video_test_0000245	8.4	18.0	9	0.257973
video_test_0000246	17.9	26.0	51	0.181225
video_test_0000247	0.9	2.1	36	0.574543
video_test_0000247	4.6	5.3	36	0.634984
video_test_0000247	10.5	10.5	36	0.217332
video_test_0000247	11.4	12.7	36	0.429602
video_test_0000248	10.5	13.9	31	0.135075
video_test_0000248	24.5	29.2	31	0.613153
video_test_0000249	14.3	14.4	26	0.305485
video_test_0000249	35.3	36.4	26	0.149902
video_test_0000250	17.1	24.3	51	0.902362
video_test_0000251	1.3	3.1	85	0.261518
video_test_0000251	8.2	10.6	85	0.377983
video_test_0000251	12.9	14.5	85	0.736572
video_test_0000251	24.8	28.9	85	0.456105
video_test_0000252	6.5	6.6	97	0.080923
video_test_0000252	13.7	16.5	97	0.727227
video_test_0000252	18.8	19.0	97	0.418849
video_test_0000253	9.4	10.1	9	0.329042
video_test_0000253	13.2	17.2	9	0.794036
video_test_0000254	0.0	0.5	24	0.068824
video_test_0000254	1.8	4.1	24	0.274527
video_test_0000254	7.2	8.7	24	0.617034
video_test_0000255	6.1	7.0	45	0.651905
video_test_0000256	2.4	3.9	12	0.554800
video_test_0000256	8.3	14.2	12	0.040618
video_test_0000257	17.4	17.9	97	0.446693
video_test_0000257	43.5	44.9	97	0.563256
video_test_0000258	3.4	3.7	24	0.477240
video_test_0000258	16.6	21.2	24	0.585027
video_test_0000259	2.5	10.8	21	0.514112
video_test_0000259	22.5	24.5	21	0.366407
video_test_0000260	0.7	0.9	85	0.801850
video_test_0000260	2.9	4.0	85	0.296056
video_test_0000261	0.1	1.0	23	0.004245
video_test_0000261	2.5	2.6	23	0.235871
video_test_0000261	3.0	5.0	23	0.175444
video_test_0000262	2.9	3.1	79	0.506538
video_test_0000263	1.7	4.7	36	0.614741
video_test_0000264	5.8	6.9	93	0.422930
video_test_0000264	13.0	13.7	93	0.600673
video_test_0000264	19.6	22.7	93	0.950924
video_test_0000264	31.4	32.1	93	0.404941
video_test_0000265	4.3	6.2	36	0.845388
video_test_0000265	13.6	13.6	36	0.574816
video_test_0000265	19.6	21.3	36	0.311335
video_test_0000266	14.9	16.3	21	0.412303
video_test_0000266	26.8	30.6	21	0.330754
video_test_0000266	37.1	39.2	21	0.187398
video_test_0000266	40.1	40.7	21	0.557627
video_test_0000267	0.8	0.9	92	0.736043
video_test_0000267	3.8	4.0	92	0.346391
video_test_0000267	4.9	4.9	92	0.091036
video_test_0000268	0.9	1.2	85	0.338817
video_test_0000268	5.0	14.8	85	0.448073
video_test_0000269	7.4	11.3	7	0.519892
video_test_0000270	9.2	10.0	12	0.604732
video_test_0000270	28.0	28.0	12	0.448504
video_test_0000270	35.9	36.6	12	0.692696
video_test_0000271	0.0	0.0	24	0.719088
video_test_0000271	0.0	0.0	24	0.850713
video_test_0000271	0.0	0.0	24	0.885379
video_test_0000272	1.2	2.0	9	0.369091
video_test_0000272	10.4	17.0	9	0.350838
video_test_0000272	21.9	24.6	9	0.018544
video_test_0000273	1.3	1.4	26	0.818167
video_test_0000273	1.9	3.7	26	0.480221
video_test_0000273	3.7	3.9	26	0.602563
video_test_0000274	1.2	1.7	92	0.098058
video_test_0000274	2.8	3.1	92	0.896564
video_test_0000275	12.6	19.8	79	0.736228
video_test_0000275	31.9	38.0	79	0.571213
video_test_0000276	6.3	8.0	22	0.489732
video_test_0000276	15.2	16.7	22	0.943114
video_test_0000276	18.0	19.8	22	0.495041
video_test_0000277	2.1	7.6	22	0.194252
video_test_0000277	13.2	14.5	22	0.816803
video_test_0000278	10.5	12.8	92	0.967870
video_test_0000278	26.5	28.0	92	0.178381
video_test_0000279	17.8	21.7	92	0.328137
video_test_0000280	1.1	1.8	36	0.141283
video_test_0000280	2.7	3.0	36	0.410620
video_test_0000280	3.8	5.2	36	0.430885
video_test_0000281	1.3	3.2	51	0.417357
video_test_0000281	7.2	7.3	51	0.464893
video_test_0000282	1.4	4.8	85	0.917540
video_test_0000282	17.9	19.3	85	0.971024
video_test_0000283	3.4	6.4	9	0.045299
video_test_0000283	19.0	28.2	9	0.248296
video_test_0000284	11.1	14.0	51	0.996492
video_test_0000284	22.0	24.7	51	0.220104
video_test_0000284	32.1	34.6	51	0.596984
video_test_0000284	35.5	37.5	51	0.990161
video_test_0000285	2.7	5.6	45	0.285467
video_test_0000285	25.6	30.8	45	0.437620
video_test_0000285	36.1	36.9	45	0.509059
video_test_0000286	4.5	10.4	7	0.096232
video_test_0000286	20.6	22.1	7	0.571539
video_test_0000287	17.5	19.5	7	0.180074
video_test_0000288	5.6	7.1	85	0.807589
video_test_0000288	7.2	9.8	85	0.211037
video_test_0000289	1.5	2.8	45	0.517456
video_test_0000289	9.0	13.9	45	0.628121
video_test_0000290	5.6	8.1	33	0.752182
video_test_0000290	18.8	21.3	33	0.385457
video_test_0000290	29.7	31.1	33	0.698754
video_test_0000291	5.0	9.7	92	0.633112
video_test_0000291	21.0	27.6	92	0.105512
video_test_0000292	7.9	11.2	93	0.694814
video_test_0000292	16.8	21.3	93	0.908092
video_test_0000293	0.3	1.3	23	0.161616
video_test_0000293	6.9	13.6	23	0.154117
video_test_0000293	31.2	35.2	23	0.720955
video_test_0000294	0.0	0.0	31	0.572149
video_test_0000295	22.1	25.0	45	0.574673
video_test_0000295	28.0	28.4	45	0.921702
video_test_0000295	35.0	36.1	45	0.133752
video_test_0000296	9.2	9.9	21	0.496238
video_test_0000296	13.0	14.2	21	0.334210
video_test_0000296	24.3	27.1	21	0.090683
video_test_0000297	0.0	0.0	26	0.851472
video_test_0000297	0.0	0.0	26	0.196857
video_test_0000298	11.6	14.9	79	0.112215
video_test_0000298	16.3	19.4	79	0.940293
video_test_0000299	24.3	27.0	85	0.062868
video_test_0000299	39.5	44.5	85	0.633009
video_test_0000300	5.6	7.0	51	0.781762
video_test_0000300	10.6	10.8	51	0.821849
video_test_0000300	13.8	14.6	51	0.414869
video_test_0000301	3.4	8.4	79	0.021266
video_test_0000301	9.9	14.2	79	0.669977
video_test_0000302	0.6	1.7	93	0.201025
video_test_0000302	3.4	3.6	93	0.472103
video_test_0000302	3.9	8.0	93	0.552393
video_test_0000303	11.1	12.1	33	0.489322
video_test_0000303	20.5	20.6	33	0.089543
video_test_0000303	28.2	31.1	33	0.840798
video_test_0000304	6.3	9.8	26	0.615761
video_test_0000304	15.1	15.3	26	0.798774
video_test_0000304	15.4	18.8	26	0.023508
video_test_0000304	19.3	23.0	26	0.987987
video_test_0000305	1.6	4.2	79	0.077169
video_test_0000305	8.8	11.6	79	0.039216
video_test_0000305	26.3	31.1	79	0.889698
video_test_0000306	10.9	13.4	21	0.294609
video_test_0000306	15.3	16.7	21	0.236993
video_test_0000306	19.2	21.5	21	0.313887
video_test_0000306	23.5	24.9	21	0.341874
video_test_0000307	6.5	9.7	23	0.931781
video_test_0000307	12.7	13.2	23	0.165521
video_test_0000307	14.4	18.5	23	0.141947
video_test_0000308	0.9	4.2	7	0.332702
video_test_0000308	7.0	12.3	7	0.374314
video_test_0000309	9.9	13.7	45	0.312909
video_test_0000309	17.7	18.2	45	0.948179
video_test_0000309	21.5	21.6	45	0.387753
video_test_0000310	8.5	10.1	92	0.450004
video_test_0000310	13.0	15.8	92	0.372453
video_test_0000310	26.5	30.9	92	0.198251
video_test_0000311	25.4	28.3	33	0.459452
video_test_0000312	3.1	10.0	93	0.665752
video_test_0000312	29.2	39.0	93	0.676911
video_test_0000313	2.6	3.0	40	0.763744
video_test_0000313	5.7	5.9	40	0.814443
video_test_0000313	7.1	8.5	40	0.119604
video_test_0000314	1.3	1.8	7	0.314294
video_test_0000314	2.8	4.1	7	0.692682
video_test_0000315	14.8	16.6	12	0.438741
video_test_0000316	4.2	6.0	33	0.769719
video_test_0000316	20.1	21.3	33	0.234373
video_test_0000316	22.7	22.7	33	0.618087
video_test_0000317	10.8	13.6	21	0.146927
video_test_0000317	30.1	40.1	21	0.770134
video_test_0000318	3.7	5.2	85	0.275125
video_test_0000318	6.1	7.0	85	0.787424
video_test_0000318	7.5	8.5	85	0.756086
video_test_0000319	6.3	10.6	21	0.709497
video_test_0000319	26.4	26.4	21	0.534974
video_test_0000320	0.9	3.6	93	0.781525
video_test_0000320	8.4	8.9	93	0.302934
video_test_0000321	0.0	0.0	40	0.711273
video_test_0000321	0.0	0.0	40	0.440186
video_test_0000321	0.0	0.0	40	0.616107
video_test_0000322	8.5	9.0	97	0.536759
video_test_0000322	9.2	12.2	97	0.420078
video_test_0000322	17.7	18.3	97	0.311122
video_test_0000323	7.4	9.8	22	0.284158
video_test_0000323	12.9	17.6	22	0.106319
video_test_0000323	21.2	22.4	22	0.782308
video_test_0000324	0.1	3.8	92	0.675888
video_test_0000324	8.9	9.4	92	0.427272
video_test_0000325	6.9	11.5	21	0.125099
video_test_0000325	28.2	29.4	21	0.979631
video_test_0000326	8.6	16.1	45	0.970475
video_test_0000327	1.2	3.1	93	0.928390
video_test_0000327	6.8	6.9	93	0.492095
video_test_0000327	7.5	8.7	93	0.541955
video_test_0000327	9.1	9.9	93	0.467229
video_test_0000328	5.2	6.5	31	0.220176
video_test_0000328	6.6	9.0	31	0.108318
video_test_0000329	0.0	0.0	21	0.604336
video_test_0000330	26.1	29.8	22	0.398475
video_test_0000331	20.2	24.2	33	0.595981
video_test_0000332	11.3	15.8	92	0.848573
video_test_0000333	0.5	3.9	9	0.219494
video_test_0000333	4.4	4.9	9	0.968605
video_test_0000333	7.0	8.2	9	0.258969
video_test_0000334	2.2	2.9	93	0.097709
video_test_0000334	9.9	12.8	93	0.009872
video_test_0000334	16.3	19.3	93	0.439381
video_test_0000335	6.1	7.5	26	0.955468
video_test_0000335	14.6	18.4	26	0.614615
video_test_0000335	30.3	34.7	26	0.597510
video_test_0000336	12.0	14.1	26	0.739012
video_test_0000337	0.3	4.9	33	0.437268
video_test_0000337	6.9	11.6	33	0.338217
video_test_0000337	17.8	18.0	33	0.049063
video_test_0000337	22.1	26.4	33	0.150202
video_test_0000338	0.0	2.2	68	0.849880
video_test_0000338	6.4	8.7	68	0.714018
video_test_0000338	10.7	12.9	68	0.090010
video_test_0000339	10.9	13.5	45	0.379239
video_test_0000340	9.7	16.8	7	0.507524
video_test_0000340	21.5	22.9	7	0.536060
video_test_0000341	7.2	7.4	24	0.673551
video_test_0000341	16.0	19.9	24	0.238712
video_test_0000341	26.9	28.7	24	0.666025
video_test_0000342	5.7	12.8	93	0.316637
video_test_0000342	23.0	24.5	93	0.885473
video_test_0000343	12.2	13.9	7	0.081062
video_test_0000343	23.5	29.8	7	0.446912
video_test_0000343	36.8	37.3	7	0.821351
video_test_0000343	43.2	44.8	7	0.162701
video_test_0000344	0.8	1.6	23	0.270166
video_test_0000344	3.7	5.0	23	0.214278
video_test_0000345	1.6	5.2	68	0.299865
video_test_0000345	10.1	10.4	68	0.765807
video_test_0000345	11.1	13.5	68	0.203806
video_test_0000345	28.9	33.3	68	0.790688
video_test_0000346	4.9	5.0	21	0.743851
video_test_0000346	6.0	14.6	21	0.164247
video_test_0000347	0.0	0.1	33	0.791476
video_test_0000347	2.1	4.9	33	0.751553
video_test_0000348	1.4	1.5	12	0.481755
video_test_0000348	2.2	2.4	12	0.541486
video_test_0000348	4.1	4.7	12	0.139861
video_test_0000349	9.3	12.5	51	0.671513
video_test_0000349	24.4	26.3	51	0.869421
video_test_0000349	27.1	28.5	51	0.466547
video_test_0000350	0.9	6.4	79	0.484316
video_test_0000351	0.2	0.4	68	0.522294
video_test_0000351	22.9	28.8	68	0.863949
video_test_0000352	16.2	23.4	93	0.130079
video_test_0000352	40.6	44.7	93	0.965136
video_test_0000353	27.1	29.6	45	0.424816
video_test_0000354	2.7	8.3	51	0.298412
video_test_0000354	27.5	29.9	51	0.703959
video_test_0000355	11.5	13.6	51	0.985170
video_test_0000355	34.9	39.6	51	0.540193
video_test_0000356	10.6	18.3	22	0.148157
video_test_0000356	19.1	19.3	22	0.219060
video_test_0000357	0.0	0.0	93	0.043194
video_test_0000358	11.0	11.6	23	0.451610
video_test_0000359	0.1	4.3	23	0.171858
video_test_0000359	18.7	19.0	23	0.290122
video_test_0000359	24.2	24.6	23	0.572985
video_test_0000360	0.6	1.6	45	0.964994
video_test_0000360	2.7	3.3	45	0.504572
video_test_0000361	1.0	1.0	21	0.669130
video_test_0000361	1.4	4.1	21	0.421937
video_test_0000362	8.3	11.0	92	0.941286
video_test_0000363	5.0	5.3	51	0.445632
video_test_0000363	6.0	9.6	51	0.983824
video_test_0000363	16.8	18.4	51	0.078228
video_test_0000364	8.6	10.4	45	0.969747
video_test_0000364	12.8	14.9	45	0.708202
video_test_0000364	27.3	27.9	45	0.996379
video_test_0000364	34.2	38.2	45	0.461683
video_test_0000365	3.6	7.6	93	0.800150
video_test_0000365	10.9	13.3	93	0.289230
video_test_0000365	27.4	29.4	93	0.276918
video_test_0000365	32.5	33.2	93	0.628458
video_test_0000366	24.7	26.3	36	0.610875
video_test_0000366	36.0	38.5	36	0.517778
video_test_0000367	2.4	2.7	7	0.170787
video_test_0000367	4.7	4.9	7	0.773074
video_test_0000367	5.2	6.0	7	0.731137
video_test_0000367	6.5	7.1	7	0.039737
video_test_0000368	3.4	12.4	23	0.262092
video_test_0000368	17.4	20.7	23	0.312886
video_test_0000369	3.0	3.0	23	0.903359
video_test_0000370	8.5	9.5	26	0.298162
video_test_0000370	26.5	30.3	26	0.441994
video_test_0000371	1.4	10.1	21	0.503284
video_test_0000371	11.8	12.6	21	0.081897
video_test_0000372	0.1	3.8	22	0.137760
video_test_0000372	20.3	22.4	22	0.112014
video_test_0000373	11.2	16.2	79	0.964678
video_test_0000373	36.0	38.9	79	0.731243
video_test_0000374	5.2	8.5	9	0.976247
video_test_0000374	11.2	15.5	9	0.535234
video_test_0000374	22.6	23.4	9	0.808164
video_test_0000375	10.5	13.6	93	0.590476
video_test_0000375	18.3	19.0	93	0.160853
video_test_0000376	4.7	7.8	26	0.181417
video_test_0000376	8.1	8.3	26	0.597926
video_test_0000376	10.5	10.6	26	0.492833
video_test_0000376	14.2	14.8	26	0.129343
video_test_0000377	12.7	16.7	85	0.486806
video_test_0000377	26.6	28.3	85	0.232644
video_test_0000377	39.1	39.3	85	0.751586
video_test_0000378	14.9	21.1	22	0.568052
video_test_0000379	0.9	2.8	97	0.826826
video_test_0000379	3.2	3.5	97	0.417141
video_test_0000379	3.9	4.5	97	0.132280
video_test_0000380	9.7	10.4	31	0.091705
video_test_0000380	20.0	20.1	31	0.480759
video_test_0000380	21.9	24.4	31	0.774022
video_test_0000380	31.1	34.3	31	0.316648
video_test_0000381	1.4	2.7	24	0.568520
video_test_0000381	3.2	5.4	24	0.194332
video_test_0000381	5.9	7.3	24	0.675836
video_test_0000382	25.6	27.1	93	0.685689
video_test_0000383	0.0	0.0	24	0.785870
video_test_0000383	0.0	0.0	24	0.833151
video_test_0000384	0.7	1.5	31	0.521954
video_test_0000384	2.8	3.2	31	0.604548
video_test_0000385	1.3	2.3	45	0.134886
video_test_0000385	3.2	3.4	45	0.122764
video_test_0000385	7.4	9.1	45	0.709549
video_test_0000386	0.0	0.0	92	0.893988
video_test_0000386	0.0	0.0	92	0.452054
video_test_0000387	2.0	3.9	92	0.612668
video_test_0000387	16.1	19.2	92	0.159586
video_test_0000388	18.0	19.0	26	0.666914
video_test_0000389	2.0	3.2	97	0.311686
video_test_0000389	3.9	4.2	97	0.587722
video_test_0000390	0.1	2.1	68	0.400486
video_test_0000390	6.3	8.7	68	0.302928
video_test_0000390	8.7	10.6	68	0.478046
video_test_0000391	3.9	6.8	21	0.592352
video_test_0000391	8.7	14.9	21	0.431409
video_test_0000392	11.1	12.5	26	0.863138
video_test_0000392	18.5	19.5	26	0.029091
video_test_0000392	38.6	39.4	26	0.961219
video_test_0000393	6.4	9.1	51	0.139453
video_test_0000393	11.3	11.4	51	0.510294
video_test_0000393	12.5	13.0	51	0.898029
video_test_0000394	7.0	9.6	93	0.223558
video_test_0000395	17.8	21.2	26	0.480417
video_test_0000395	23.5	23.7	26	0.647697
video_test_0000395	31.0	34.3	26	0.453358
video_test_0000396	0.0	0.0	97	0.518114
video_test_0000396	0.0	0.0	97	0.732418
video_test_0000397	5.5	5.5	12	0.862141
video_test_0000397	6.9	10.3	12	0.385663
video_test_0000397	21.2	22.0	12	0.737554
video_test_0000397	37.4	38.4	12	0.636551
video_test_0000398	14.5	18.9	36	0.897372
video_test_0000398	27.6	29.5	36	0.337686
video_test_0000398	33.0	36.7	36	0.703732
video_test_0000399	4.9	14.7	24	0.154080
video_test_0000400	42.4	49.9	21	0.445701
video_test_0000401	8.3	10.3	24	0.613733
video_test_0000401	10.3	12.2	24	0.009033
video_test_0000401	14.9	19.8	24	0.878340
video_test_0000402	0.6	0.7	85	0.808260
video_test_0000402	0.9	4.6	85	0.199268
video_test_0000402	6.9	7.8	85	0.705287
video_test_0000402	7.9	8.9	85	0.050407
video_test_0000403	1.0	3.7	21	0.410190
video_test_0000403	8.9	17.9	21	0.731435
video_test_0000403	20.1	22.3	21	0.218345
video_test_0000404	7.2	14.3	36	0.856779
video_test_0000404	18.6	28.4	36	0.066079
video_test_0000405	10.1	17.0	33	0.849414
video_test_0000406	0.6	3.2	24	0.266313
video_test_0000406	4.8	6.6	24	0.793431
video_test_0000406	7.8	8.5	24	0.978779
video_test_0000406	8.7	9.7	24	0.545953
video_test_0000407	0.2	1.1	23	0.942232
video_test_0000407	12.1	16.8	23	0.295861
video_test_0000408	10.6	14.1	23	0.409242
video_test_0000408	33.7	35.3	23	0.855130
video_test_0000408	41.9	44.9	23	0.497055
video_test_0000409	12.7	20.3	31	0.070592
video_test_0000409	21.4	28.7	31	0.001473
video_test_0000410	8.1	9.8	31	0.935204
video_test_0000411	8.9	11.2	33	0.317735
video_test_0000411	15.8	18.1	33	0.763215
video_test_0000411	20.4	23.3	33	0.448422
video_test_0000412	0.2	0.8	24	0.400166
video_test_0000412	2.3	2.8	24	0.601886
video_test_0000412	2.9	4.0	24	0.200631
video_test_0000412	4.5	4.8	24	0.211204
video_test_0000413	8.6	13.0	36	0.020782
video_test_0000413	26.7	27.6	36	0.831445
video_test_0000413	34.9	38.6	36	0.811983
video_test_0000414	1.7	2.1	26	0.924351
video_test_0000414	5.0	11.8	26	0.052407
video_test_0000415	10.2	14.7	79	0.489812
video_test_0000416	0.0	0.0	33	0.924217
video_test_0000416	0.0	0.0	33	0.927014
video_test_0000416	0.0	0.0	33	0.193369
video_test_0000416	0.0	0.0	33	0.828601
video_test_0000417	0.0	0.0	40	0.767418
video_test_0000417	0.0	0.0	40	0.837768
video_test_0000418	21.2	32.8	24	0.277100
video_test_0000419	1.6	1.8	92	0.135711
video_test_0000419	14.4	17.4	92	0.382193
video_test_0000420	1.7	2.2	68	0.784584
video_test_0000420	9.3	11.9	68	0.929725
video_test_0000420	20.3	21.9	68	0.490546
video_test_0000420	28.9	31.3	68	0.909178
video_test_0000421	5.1	12.1	68	0.115435
video_test_0000421	17.0	23.6	68	0.194515
video_test_0000422	5.0	5.3	21	0.128472
video_test_0000422	14.4	19.9	21	0.909466
video_test_0000423	2.8	5.2	7	0.058260
video_test_0000423	10.3	10.6	7	0.409749
video_test_0000423	17.8	19.2	7	0.307262
video_test_0000424	0.0	1.8	85	0.983500
video_test_0000424	3.9	4.4	85	0.051341
video_test_0000424	4.5	4.9	85	0.809829
video_test_0000425	2.4	3.2	31	0.487952
video_test_0000425	7.0	11.6	31	0.972825
video_test_0000425	24.5	24.5	31	0.940355
video_test_0000425	30.5	33.4	31	0.343692
video_test_0000426	12.0	17.5	40	0.375914
video_test_0000426	32.3	35.9	40	0.381876
video_test_0000427	10.8	18.6	9	0.036796
video_test_0000427	20.5	23.4	9	0.899574
video_test_0000428	10.2	10.9	7	0.893630
video_test_0000428	17.8	18.6	7	0.038591
video_test_0000429	0.3	2.6	9	0.975321
video_test_0000429	3.2	7.1	9	0.168470
video_test_0000430	14.0	18.5	40	0.103683
video_test_0000430	29.8	36.6	40	0.163286
video_test_0000431	2.5	5.6	97	0.479756
video_test_0000431	7.2	7.4	97	0.987733
video_test_0000431	8.9	10.9	97	0.639345
video_test_0000431	16.6	17.0	97	0.079832
video_test_0000432	0.3	3.8	51	0.076108
video_test_0000432	3.9	7.3	51	0.414551
video_test_0000432	8.1	8.7	51	0.772348
video_test_0000433	2.4	3.2	26	0.246046
video_test_0000433	15.4	18.2	26	0.266070
video_test_0000434	5.5	6.0	21	0.446579
video_test_0000434	21.3	26.1	21	0.889426
video_test_0000434	34.2	38.5	21	0.967915
video_test_0000435	4.3	8.6	33	0.652649
video_test_0000435	16.5	24.0	33	0.767879
video_test_0000435	31.9	34.2	33	0.255153
video_test_0000436	1.7	5.5	22	0.206908
video_test_0000436	11.5	11.8	22	0.714989
video_test_0000436	15.5	15.8	22	0.333010
video_test_0000436	16.3	17.7	22	0.929749
video_test_0000437	12.9	15.5	23	0.572776
video_test_0000437	45.3	48.0	23	0.183828
video_test_0000438	8.6	11.4	12	0.451957
video_test_0000438	12.4	15.8	12	0.039892
video_test_0000438	20.7	23.9	12	0.833931
video_test_0000438	27.0	28.2	12	0.724759
video_test_0000439	1.5	8.3	22	0.352273
video_test_0000439	8.9	12.4	22	0.584225
video_test_0000440	34.5	43.9	45	0.547353
video_test_0000440	48.2	48.2	45	0.164536
video_test_0000441	4.7	11.6	23	0.474543
video_test_0000441	21.9	23.2	23	0.116786
video_test_0000442	18.2	31.8	24	0.151007
video_test_0000443	1.0	1.0	68	0.006128
video_test_0000443	1.9	2.1	68	0.852324
video_test_0000443	2.6	3.8	68	0.831134
video_test_0000443	6.0	7.6	68	0.123366
video_test_0000444	6.2	9.8	92	0.481461
video_test_0000444	22.7	29.8	92	0.914699
video_test_0000445	17.9	19.7	7	0.782180
video_test_0000446	3.1	7.2	24	0.365336
video_test_0000446	12.5	12.9	24	0.469532
video_test_0000446	14.0	17.3	24	0.275574
video_test_0000447	13.8	14.3	22	0.514752
video_test_0000448	0.0	0.0	23	0.693860
video_test_0000448	0.0	0.0	23	0.272573
video_test_0000449	0.0	0.5	93	0.742864
video_test_0000449	2.2	2.9	93	0.230128
video_test_0000450	15.5	16.9	22	0.314578
video_test_0000450	34.0	39.5	22	0.067634
video_test_0000451	24.3	31.8	92	0.725069
video_test_0000452	0.0	0.0	45	0.636334
video_test_0000453	3.1	6.7	12	0.723867
video_test_0000454	0.0	0.0	22	0.870433
video_test_0000454	0.0	0.0	22	0.079981
video_test_0000454	0.0	0.0	22	0.835725
video_test_0000454	0.0	0.0	22	0.570298
video_test_0000455	0.5	0.6	26	0.914328
video_test_0000455	1.6	3.0	26	0.779493
video_test_0000455	3.2	3.5	26	0.812305
video_test_0000456	18.0	24.1	7	0.967314
video_test_0000456	41.1	44.9	7	0.847479
video_test_0000457	16.8	18.0	40	0.112780
video_test_0000457	30.5	34.8	40	0.253400
video_test_0000458	30.7	33.2	12	0.326135
video_test_0000459	9.1	10.8	24	0.829473
video_test_0000459	13.3	14.9	24	0.680243
video_test_0000460	0.8	5.6	7	0.985957
video_test_0000460	12.8	15.9	7	0.863453
video_test_0000460	26.2	26.6	7	0.805488
video_test_0000460	34.5	37.1	7	0.848055
video_test_0000461	7.3	8.7	51	0.229070
video_test_0000462	6.0	14.5	93	0.475808
video_test_0000463	11.1	19.2	68	0.379451
video_test_0000463	31.8	34.9	68	0.192775
video_test_0000464	3.4	3.5	24	0.579144
video_test_0000464	7.6	13.3	24	0.085255
video_test_0000465	1.9	2.9	12	0.756546
video_test_0000465	3.0	4.3	12	0.249890
video_test_0000465	4.6	4.6	12	0.350673
video_test_0000466	14.4	17.9	40	0.564632
video_test_0000466	22.7	25.3	40	0.088748
video_test_0000466	30.2	33.2	40	0.013652
video_test_0000467	9.3	9.7	7	0.179385
video_test_0000467	16.4	21.0	7	0.989930
video_test_0000467	23.2	28.1	7	0.805065
video_test_0000468	1.8	3.4	93	0.075557
video_test_0000468	10.6	11.7	93	0.964161
video_test_0000468	13.0	14.5	93	0.579848
video_test_0000469	0.0	0.0	79	0.450701
video_test_0000469	0.0	0.0	79	0.783009
video_test_0000469	0.0	0.0	79	0.827688
video_test_0000469	0.0	0.0	79	0.360021
video_test_0000470	9.2	18.4	97	0.499217
video_test_0000470	20.9	25.9	97	0.614848
video_test_0000471	1.5	2.0	33	0.056884
video_test_0000471	3.9	4.0	33	0.500661
video_test_0000472	0.4	0.8	40	0.896921
video_test_0000472	1.5	2.5	40	0.884398
video_test_0000472	3.4	5.0	40	0.705154
video_test_0000473	0.5	4.4	36	0.092822
video_test_0000473	4.7	4.7	36	0.474383
video_test_0000474	20.6	24.6	21	0.640375
video_test_0000475	10.8	21.9	45	0.486161
video_test_0000476	2.1	2.6	68	0.131260
video_test_0000476	3.6	12.8	68	0.912167
video_test_0000477	2.7	3.2	21	0.684989
video_test_0000477	3.4	3.9	21	0.695013
video_test_0000478	3.4	4.2	40	0.116508
video_test_0000478	5.1	5.2	40	0.001116
video_test_0000478	5.2	7.0	40	0.550613
video_test_0000478	7.2	9.4	40	0.950914
video_test_0000479	10.3	11.1	7	0.296825
video_test_0000479	11.9	14.2	7	0.540846
video_test_0000480	1.0	4.1	26	0.466138
video_test_0000480	13.4	14.4	26	0.179043
video_test_0000481	11.5	20.5	7	0.402259
video_test_0000482	4.6	5.9	22	0.871819
video_test_0000482	9.4	12.6	22	0.193156
video_test_0000483	3.5	6.4	12	0.171424
video_test_0000484	7.4	16.8	7	0.010736
video_test_0000485	1.6	2.6	36	0.051713
video_test_0000485	5.0	5.6	36	0.960642
video_test_0000485	5.9	6.8	36	0.885852
video_test_0000485	7.2	8.3	36	0.595503
video_test_0000486	6.9	11.1	24	0.863611
video_test_0000486	13.1	17.5	24	0.493855
video_test_0000486	30.6	32.1	24	0.414775
video_test_0000487	0.0	2.1	79	0.572440
video_test_0000487	2.5	4.3	79	0.532374
video_test_0000487	4.3	4.8	79	0.651846
video_test_0000488	20.7	23.7	92	0.894037
video_test_0000488	25.4	27.6	92	0.118227
video_test_0000489	0.2	4.7	36	0.385988
video_test_0000489	7.9	9.1	36	0.206084
video_test_0000489	10.3	13.4	36	0.382263
video_test_0000489	15.4	19.3	36	0.368753
video_test_0000490	16.5	17.7	23	0.734526
video_test_0000490	19.4	27.4	23	0.754880
video_test_0000491	0.8	4.9	24	0.738190
video_test_0000491	5.8	7.2	24	0.791732
video_test_0000492	7.5	8.8	12	0.691805
video_test_0000492	18.4	31.3	12	0.093817
video_test_0000492	43.5	46.6	12	0.595897
video_test_0000492	47.1	48.3	12	0.458304
video_test_0000493	14.8	18.7	24	0.149815
video_test_0000493	21.2	24.1	24	0.432472
video_test_0000494	12.5	16.9	22	0.433815
video_test_0000495	12.0	13.0	7	0.804929
video_test_0000495	33.8	38.9	7	0.299701
video_test_0000496	1.6	5.3	36	0.639088
video_test_0000496	5.5	6.8	36	0.591983
video_test_0000496	10.3	12.0	36	0.343491
video_test_0000496	19.2	23.9	36	0.118180
video_test_0000497	15.9	18.9	7	0.734409
video_test_0000497	21.8	22.3	7	0.640528
video_test_0000497	23.1	25.6	7	0.317837
video_test_0000497	35.1	38.5	7	0.663797
video_test_0000498	2.4	11.1	22	0.508094
video_test_0000498	12.8	13.1	22	0.831025
video_test_0000499	6.5	8.8	93	0.450272
video_test_0000499	11.1	11.6	93	0.817949
video_test_0000499	12.7	17.5	93	0.306515
video_test_0000499	18.5	21.9	93	0.188648
video_test_0000500	3.5	8.0	22	0.002325
video_test_0000500	12.7	16.3	22	0.993340
video_test_0000501	7.8	8.7	9	0.574759
video_test_0000501	21.1	22.1	9	0.572666
video_test_0000502	0.6	0.6	85	0.418860
video_test_0000503	16.3	23.3	26	0.049409
video_test_0000503	43.9	46.5	26	0.293593
video_test_0000504	4.0	7.1	23	0.598029
video_test_0000504	8.3	8.6	23	0.108098
video_test_0000504	14.6	19.4	23	0.059956
video_test_0000504	36.8	39.0	23	0.901788
video_test_0000505	19.7	24.5	92	0.507851
video_test_0000505	30.6	35.9	92	0.450516
video_test_0000505	40.7	43.2	92	0.819638
video_test_0000506	10.8	11.7	92	0.705163
video_test_0000506	18.4	21.5	92	0.504667
video_test_0000506	27.1	27.5	92	0.452863
video_test_0000507	3.3	3.6	9	0.147260
video_test_0000507	6.7	7.8	9	0.506636
video_test_0000508	0.2	5.0	7	0.176909
video_test_0000509	0.0	0.0	22	0.207206
video_test_0000509	0.0	0.0	22	0.960772
video_test_0000510	22.8	25.4	79	0.648956
video_test_0000511	21.1	22.5	21	0.933871
video_test_0000511	32.0	32.4	21	0.737957
video_test_0000511	33.0	35.6	21	0.703355
video_test_0000512	1.1	2.2	31	0.443364
video_test_0000512	5.8	6.6	31	0.731711
video_test_0000512	6.8	7.1	31	0.472597
video_test_0000513	15.3	15.5	12	0.222550
video_test_0000513	22.8	25.4	12	0.037420
video_test_0000513	34.3	37.8	12	0.714886
video_test_0000514	0.5	9.4	7	0.724846
video_test_0000515	23.6	35.0	36	0.152970
video_test_0000516	26.9	27.4	40	0.641825
video_test_0000517	0.5	1.3	51	0.024807
video_test_0000517	19.6	23.1	51	0.647843
video_test_0000517	24.4	24.7	51	0.312236
video_test_0000517	31.0	34.2	51	0.284885
video_test_0000518	6.0	7.0	26	0.143339
video_test_0000518	13.5	17.8	26	0.908876
video_test_0000518	30.1	34.6	26	0.460044
video_test_0000519	17.1	25.8	23	0.411867
video_test_0000520	7.0	9.8	9	0.012766
video_test_0000520	28.1	29.2	9	0.071948
video_test_0000521	3.5	6.0	23	0.793097
video_test_0000522	1.0	3.9	85	0.818880
video_test_0000523	1.2	5.6	85	0.718203
video_test_0000523	10.3	13.3	85	0.630011
video_test_0000524	15.2	21.5	45	0.757863
video_test_0000525	0.3	0.8	7	0.389165
video_test_0000525	1.5	2.7	7	0.798591
video_test_0000526	10.1	10.8	68	0.426785
video_test_0000526	21.7	22.8	68	0.723479
video_test_0000526	30.5	34.3	68	0.015813
video_test_0000527	0.0	0.0	23	0.081705
video_test_0000528	4.8	6.8	85	0.170645
video_test_0000528	15.4	15.9	85	0.423506
video_test_0000529	1.3	1.4	22	0.005745
video_test_0000529	24.7	24.8	22	0.566042
video_test_0000530	15.0	20.7	79	0.876170
video_test_0000530	25.1	27.4	79	0.748359
video_test_0000531	4.2	6.2	33	0.456300
video_test_0000531	6.3	9.7	33	0.811755
video_test_0000532	0.1	1.2	45	0.487216
video_test_0000532	2.0	2.6	45	0.097544
video_test_0000532	2.7	3.6	45	0.027161
video_test_0000532	4.8	4.8	45	0.600327
video_test_0000533	14.9	17.0	26	0.112287
video_test_0000534	0.0	0.0	9	0.858722
video_test_0000534	0.0	0.0	9	0.569483
video_test_0000535	0.4	1.0	40	0.215088
video_test_0000535	6.2	7.9	40	0.033625
video_test_0000535	20.2	21.9	40	0.063397
video_test_0000535	28.6	33.0	40	0.176139
video_test_0000536	28.3	31.2	12	0.038054
video_test_0000537	13.2	21.6	12	0.366799
video_test_0000537	32.8	33.4	12	0.183109
video_test_0000538	14.1	15.0	97	0.901220
video_test_0000538	21.3	22.5	97	0.372269
video_test_0000538	28.2	28.6	97	0.574072
video_test_0000539	2.3	3.3	93	0.823513
video_test_0000540	1.7	4.1	22	0.372868
video_test_0000541	6.0	6.4	21	0.439964
video_test_0000541	6.7	8.6	21	0.448145
video_test_0000541	10.6	12.2	21	0.402801
video_test_0000542	5.7	5.7	9	0.378005
video_test_0000542	10.1	10.4	9	0.038916
video_test_0000542	18.7	21.1	9	0.072381
video_test_0000542	24.8	27.8	9	0.280292
video_test_0000543	1.6	2.8	36	0.252080
video_test_0000543	5.4	6.1	36	0.135879
video_test_0000543	10.2	11.0	36	0.818872
video_test_0000543	11.9	13.3	36	0.593717
video_test_0000544	0.2	0.8	40	0.059332
video_test_0000544	1.4	2.3	40	0.132169
video_test_0000544	2.5	3.3	40	0.351178
video_test_0000544	3.6	5.0	40	0.247495
video_test_0000545	13.5	15.0	40	0.366628
video_test_0000546	7.7	7.9	31	0.310002
video_test_0000546	9.8	13.7	31	0.472263
video_test_0000546	14.0	15.8	31	0.549470
video_test_0000546	23.4	31.9	31	0.274964
video_test_0000547	0.5	0.7	23	0.975261
video_test_0000547	1.0	3.0	23	0.890246
video_test_0000547	3.1	3.1	23	0.054880
video_test_0000547	3.2	4.9	23	0.455363
video_test_0000548	0.9	3.4	51	0.783066
video_test_0000548	14.1	27.5	51	0.802755
video_test_0000549	3.8	8.0	92	0.465496
video_test_0000549	9.4	13.4	92	0.220886
video_test_0000549	17.5	20.5	92	0.582607
video_test_0000549	27.5	29.9	92	0.509522
video_test_0000550	5.7	9.9	51	0.951884
video_test_0000550	13.2	19.9	51	0.680074
video_test_0000551	1.4	5.4	93	0.274852
video_test_0000551	8.8	10.7	93	0.839691
video_test_0000551	16.8	20.5	93	0.613584
video_test_0000551	29.2	29.8	93	0.805706
video_test_0000552	0.0	0.0	36	0.515007
video_test_0000552	0.0	0.0	36	0.919418
video_test_0000552	0.0	0.0	36	0.948668
video_test_0000553	7.5	9.8	51	0.143856
video_test_0000553	9.9	10.9	51	0.902742
video_test_0000553	14.1	14.4	51	0.072749
video_test_0000554	6.7	10.8	23	0.213723
video_test_0000555	15.8	19.3	68	0.012143
video_test_0000556	1.0	1.6	51	0.741729
video_test_0000556	15.2	19.7	51	0.697932
video_test_0000557	22.5	27.1	33	0.101743
video_test_0000557	30.3	36.2	33	0.458357
video_test_0000558	0.0	0.0	36	0.101013
video_test_0000558	0.0	0.0	36	0.134904
video_test_0000559	0.0	0.0	85	0.928760
video_test_0000559	0.0	0.0	85	0.860181
video_test_0000560	6.2	9.8	85	0.097290
video_test_0000560	16.9	22.0	85	0.516054
video_test_0000560	23.3	23.4	85	0.465551
video_test_0000561	18.0	19.7	92	0.983618
video_test_0000561	34.1	34.1	92	0.195387
video_test_0000562	2.2	3.2	7	0.813430
video_test_0000563	1.2	2.5	33	0.363942
video_test_0000563	3.3	4.9	33	0.762844
video_test_0000563	5.4	5.8	33	0.777453
video_test_0000563	6.8	7.3	33	0.158009
video_test_0000564	3.6	6.3	7	0.804070
video_test_0000564	6.8	7.5	7	0.291469
video_test_0000564	9.6	12.2	7	0.617318
video_test_0000564	13.6	16.6	7	0.675697
video_test_0000565	7.6	12.5	68	0.787741
video_test_0000565	21.6	25.3	68	0.247766
video_test_0000565	29.0	31.3	68	0.657072
video_test_0000566	0.3	2.6	92	0.542232
video_test_0000566	3.2	4.2	92	0.170249
video_test_0000567	5.2	6.9	21	0.850264
video_test_0000567	7.1	9.5	21	0.817369
video_test_0000568	10.4	14.3	26	0.713478
video_test_0000568	20.7	26.3	26	0.843224
video_test_0000568	37.0	38.0	26	0.973848
video_test_0000569	0.0	0.0	9	0.156710
video_test_0000569	0.0	0.0	9	0.275055
video_test_0000570	14.8	17.6	68	0.811547
video_test_0000570	28.3	29.9	68	0.900127
video_test_0000570	36.7	36.8	68	0.850110
video_test_0000571	1.9	6.7	45	0.371415
video_test_0000571	28.1	30.7	45	0.872176
video_test_0000572	6.8	10.8	92	0.642612
video_test_0000573	11.1	14.9	40	0.119321
video_test_0000573	15.2	21.5	40	0.206551
video_test_0000574	7.6	10.0	68	0.101444
video_test_0000574	10.3	11.7	68	0.558557
video_test_0000574	14.9	15.4	68	0.150529
video_test_0000575	2.0	3.3	12	0.066803
video_test_0000575	10.2	11.0	12	0.967479
video_test_0000575	19.2	19.6	12	0.595085
video_test_0000576	16.3	24.1	85	0.700410
video_test_0000576	32.2	41.1	85	0.441072
video_test_0000577	6.6	7.4	26	0.575560
video_test_0000577	11.5	13.5	26	0.510160
video_test_0000578	1.9	2.1	26	0.849877
video_test_0000578	2.5	2.5	26	0.972853
video_test_0000578	4.7	4.7	26	0.292160
video_test_0000579	0.3	2.5	26	0.852099
video_test_0000579	2.9	5.0	26	0.420061
video_test_0000580	8.7	9.2	92	0.010193
video_test_0000580	11.1	15.1	92	0.080634
video_test_0000581	21.5	23.5	23	0.246090
video_test_0000582	1.0	2.6	79	0.968164
video_test_0000582	7.4	8.0	79	0.613657
video_test_0000582	13.7	14.2	79	0.733742
video_test_0000583	7.0	7.2	9	0.977081
video_test_0000583	9.9	11.6	9	0.322507
video_test_0000583	20.3	31.7	9	0.668977
video_test_0000584	12.4	16.8	68	0.293062
video_test_0000584	30.6	34.3	68	0.821187
video_test_0000585	2.8	2.9	7	0.607583
video_test_0000586	23.4	31.8	92	0.036478
video_test_0000586	33.8	36.9	92	0.845768
video_test_0000587	11.0	13.6	24	0.689745
video_test_0000587	18.2	23.5	24	0.465520
video_test_0000588	13.3	16.8	24	0.077141
video_test_0000589	3.4	7.1	21	0.508065
video_test_0000589	12.4	16.0	21	0.700712
video_test_0000589	18.3	19.1	21	0.596346
video_test_0000590	0.4	2.3	31	0.723921
video_test_0000590	8.6	14.8	31	0.627387
video_test_0000591	0.7	2.1	24	0.498603
video_test_0000591	5.9	8.2	24	0.463016
video_test_0000591	14.1	15.1	24	0.002627
video_test_0000592	0.0	0.0	7	0.854173
video_test_0000592	0.0	0.0	7	0.174628
video_test_0000593	8.9	12.8	21	0.646741
video_test_0000593	17.9	21.8	21	0.605802
video_test_0000593	22.4	26.2	21	0.035294
video_test_0000594	1.7	3.0	79	0.409715
video_test_0000594	9.3	9.4	79	0.604107
video_test_0000595	10.5	11.7	24	0.485615
video_test_0000596	1.2	5.0	79	0.158695
video_test_0000596	5.1	10.0	79	0.917211
video_test_0000596	18.6	20.0	79	0.160256
video_test_0000596	20.2	21.6	79	0.873914
video_test_0000597	0.6	1.6	85	0.310728
video_test_0000597	2.1	2.8	85	0.395193
video_test_0000597	5.1	6.4	85	0.913647
video_test_0000597	6.6	8.6	85	0.512826
video_test_0000598	2.2	2.4	40	0.096576
video_test_0000598	4.1	4.7	40	0.271335
video_test_0000599	0.2	0.6	51	0.562773
video_test_0000599	1.3	3.3	51	0.455440
video_test_0000599	4.2	4.8	51	0.687567
video_test_0000599	7.9	9.9	51	0.788778
video_test_0000600	18.6	21.5	40	0.703283
video_test_0000600	31.8	39.8	40	0.410338
video_test_0000601	6.3	10.3	12	0.190787
video_test_0000601	33.3	33.8	12	0.641644
video_test_0000601	36.8	39.1	12	0.466990
video_test_0000602	0.4	0.8	31	0.365276
video_test_0000602	2.3	5.4	31	0.319593
video_test_0000602	6.4	9.9	31	0.373687
video_test_0000603	0.6	3.7	7	0.387563
video_test_0000603	7.7	8.3	7	0.272802
video_test_0000603	10.5	14.0	7	0.653766
video_test_0000603	19.3	21.2	7	0.505383
video_test_0000604	7.0	7.3	97	0.792050
video_test_0000604	11.6	12.4	97	0.316631
video_test_0000605	0.7	0.7	85	0.625736
video_test_0000605	1.8	2.4	85	0.668387
video_test_0000605	3.1	3.6	85	0.510053
video_test_0000606	1.7	2.0	24	0.423348
video_test_0000607	14.0	16.0	22	0.777475
video_test_0000607	17.0	26.6	22	0.440918
video_test_0000608	12.3	17.5	40	0.745433
video_test_0000608	35.5	37.4	40	0.252055
video_test_0000609	9.4	12.3	24	0.039719
video_test_0000609	30.8	38.7	24	0.553929
video_test_0000610	0.1	1.5	33	0.374370
video_test_0000610	1.8	4.7	33	0.921200
video_test_0000611	0.2	2.3	24	0.586100
video_test_0000611	11.7	15.3	24	0.120674
video_test_0000611	21.6	23.3	24	0.597196
video_test_0000611	26.0	26.9	24	0.458373
video_test_0000612	7.4	9.4	36	0.191790
video_test_0000613	1.2	2.0	21	0.784306
video_test_0000613	2.1	4.8	21	0.891483
video_test_0000613	8.1	9.7	21	0.083679
video_test_0000614	2.5	2.7	51	0.911461
video_test_0000614	3.3	3.3	51	0.478225
video_test_0000614	3.6	3.8	51	0.217005
video_test_0000614	4.4	4.8	51	0.604676
video_test_0000615	7.0	12.3	31	0.629252
video_test_0000615	22.4	24.6	31	0.747635
video_test_0000616	4.4	8.7	21	0.536163
video_test_0000616	21.3	28.1	21	0.857674
video_test_0000617	18.2	25.6	24	0.647383
video_test_0000617	27.4	33.1	24	0.023134
video_test_0000618	10.8	11.6	45	0.748842
video_test_0000619	0.0	0.0	26	0.538048
video_test_0000619	0.0	0.0	26	0.887892
video_test_0000620	1.4	4.9	7	0.317294
video_test_0000620	9.3	9.8	7	0.669385
video_test_0000620	12.0	12.4	7	0.961374
video_test_0000620	12.9	13.1	7	0.935904
video_test_0000621	0.6	4.3	92	0.507210
video_test_0000621	7.0	8.8	92	0.769782
video_test_0000622	0.8	1.5	51	0.464065
video_test_0000622	8.4	8.6	51	0.409384
video_test_0000622	9.2	12.6	51	0.963398
video_test_0000622	17.7	18.4	51	0.198560
video_test_0000623	0.0	0.0	26	0.532639
video_test_0000624	1.6	3.0	92	0.180674
video_test_0000624	10.3	12.8	92	0.842221
video_test_0000625	12.5	13.1	24	0.047377
video_test_0000625	19.7	20.7	24	0.650204
video_test_0000625	27.8	32.5	24	0.741042
video_test_0000626	18.3	18.3	40	0.059660
video_test_0000626	21.6	23.0	40	0.725898
video_test_0000626	33.7	34.6	40	0.211814
video_test_0000627	1.1	2.3	33	0.198710
video_test_0000627	7.0	7.5	33	0.495780
video_test_0000627	13.0	13.2	33	0.364003
video_test_0000628	21.1	24.1	26	0.119697
video_test_0000629	24.8	30.1	9	0.266585
video_test_0000629	44.1	49.5	9	0.387879
video_test_0000630	0.0	0.0	21	0.248860
video_test_0000630	0.0	0.0	21	0.294153
video_test_0000631	11.5	14.9	7	0.716171
video_test_0000631	15.8	20.4	7	0.983412
video_test_0000631	24.3	25.2	7	0.582656
video_test_0000631	28.5	29.9	7	0.072060
video_test_0000632	25.3	26.2	24	0.767291
video_test_0000632	34.3	42.3	24	0.676611
video_test_0000633	17.7	24.3	79	0.848864
video_test_0000634	3.7	7.2	23	0.654995
video_test_0000634	8.6	8.8	23	0.381678
video_test_0000634	9.8	13.5	23	0.735110
video_test_0000634	14.1	14.8	23	0.389928
video_test_0000635	20.5	22.8	85	0.342856
video_test_0000636	10.6	16.1	24	0.822970
video_test_0000636	31.5	32.3	24	0.030522
video_test_0000637	4.1	11.6	79	0.300721
video_test_0000638	20.8	23.0	26	0.807682
video_test_0000638	29.0	29.6	26	0.468809
video_test_0000638	37.3	39.0	26	0.767987
video_test_0000638	46.6	46.9	26	0.093985
video_test_0000639	11.8	12.0	24	0.749214
video_test_0000639	26.2	28.7	24	0.405936
video_test_0000640	0.6	3.3	92	0.646735
video_test_0000640	9.5	14.3	92	0.479169
video_test_0000640	24.4	24.6	92	0.407970
video_test_0000641	0.3	5.3	79	0.793188
video_test_0000641	6.3	10.1	79	0.014386
video_test_0000641	13.1	13.4	79	0.316967
video_test_0000642	0.4	1.7	51	0.295725
video_test_0000642	2.1	4.0	51	0.158007
video_test_0000642	4.3	4.5	51	0.449866
video_test_0000643	11.1	11.5	7	0.572514
video_test_0000643	25.0	28.5	7	0.432132
video_test_0000644	6.1	7.3	7	0.154231
video_test_0000645	22.1	22.9	33	0.142467
video_test_0000645	38.8	42.9	33	0.860398
video_test_0000646	2.6	3.4	12	0.216044
video_test_0000646	3.8	5.0	12	0.567090
video_test_0000647	1.1	5.9	21	0.992526
video_test_0000647	13.0	13.1	21	0.098959
video_test_0000647	14.6	15.6	21	0.606990
video_test_0000648	2.6	4.8	23	0.432852
video_test_0000648	17.9	19.3	23	0.379922
video_test_0000649	0.1	1.1	85	0.926307
video_test_0000649	2.0	4.0	85	0.244393
video_test_0000650	1.9	6.4	9	0.500820
video_test_0000650	7.6	13.8	9	0.688040
video_test_0000651	1.7	6.4	7	0.960466
video_test_0000651	12.4	17.7	7	0.590202
video_test_0000652	1.4	4.3	24	0.315424
video_test_0000653	3.1	4.3	23	0.714446
video_test_0000653	6.3	7.8	23	0.051234
video_test_0000654	0.0	0.0	12	0.034383
video_test_0000654	0.0	0.0	12	0.554468
video_test_0000655	0.7	5.8	79	0.922915
video_test_0000655	10.9	15.7	79	0.178822
video_test_0000656	3.7	6.1	7	0.458494
video_test_0000656	8.1	11.0	7	0.885453
video_test_0000656	11.4	13.6	7	0.403017
video_test_0000657	11.8	15.7	92	0.263392
video_test_0000658	11.6	13.2	12	0.625170
video_test_0000658	17.8	18.0	12	0.160126
video_test_0000658	19.1	20.1	12	0.779090
video_test_0000658	22.3	22.8	12	0.954572
video_test_0000659	0.0	0.0	31	0.596928
video_test_0000659	0.0	0.0	31	0.806707
video_test_0000659	0.0	0.0	31	0.355389
video_test_0000660	29.5	30.0	24	0.790603
video_test_0000661	19.2	22.3	31	0.885455
video_test_0000661	34.3	42.2	31	0.425972
video_test_0000662	14.9	15.8	33	0.990048
video_test_0000663	1.5	4.1	31	0.093757
video_test_0000663	4.1	4.2	31	0.542141
video_test_0000664	5.9	7.5	92	0.016255
video_test_0000664	9.3	13.0	92	0.118745
video_test_0000665	2.5	2.5	7	0.880869
video_test_0000665	4.1	7.9	7	0.429020
video_test_0000665	22.1	26.8	7	0.984959
video_test_0000666	1.7	6.3	93	0.132691
video_test_0000666	18.5	19.7	93	0.012981
video_test_0000667	1.1	2.5	97	0.950684
video_test_0000667	9.6	14.2	97	0.580694
video_test_0000667	15.6	19.2	97	0.116335
video_test_0000667	27.3	29.3	97	0.552225
video_test_0000668	4.6	9.1	9	0.532167
video_test_0000668	17.1	17.7	9	0.936448
video_test_0000668	18.8	21.3	9	0.383618
video_test_0000668	27.7	31.2	9	0.160219
video_test_0000669	1.8	2.7	9	0.114359
video_test_0000669	5.2	7.0	9	0.837145
video_test_0000670	12.5	19.2	36	0.486913
video_test_0000670	25.6	26.9	36	0.945264
video_test_0000670	27.4	27.6	36	0.051623
video_test_0000671	0.3	0.9	23	0.599804
video_test_0000671	3.7	9.2	23	0.784817
video_test_0000672	0.1	1.6	12	0.775783
video_test_0000672	2.3	2.9	12	0.718072
video_test_0000672	6.1	8.5	12	0.474216
video_test_0000673	11.7	12.8	24	0.518874
video_test_0000673	23.9	29.7	24	0.288681
video_test_0000674	15.5	17.0	24	0.279959
video_test_0000674	17.2	17.7	24	0.282581
video_test_0000675	5.1	5.7	45	0.383467
video_test_0000675	7.9	9.2	45	0.608992
video_test_0000675	9.3	9.6	45	0.587246
video_test_0000676	0.8	7.9	93	0.367534
video_test_0000677	2.6	4.2	31	0.488138
video_test_0000677	4.3	5.2	31	0.496521
video_test_0000677	6.7	7.3	31	0.645903
video_test_0000677	7.7	9.1	31	0.035582
video_test_0000678	9.0	9.6	26	0.510032
video_test_0000678	20.8	26.3	26	0.213669
video_test_0000679	0.7	1.9	12	0.677678
video_test_0000679	2.9	3.2	12	0.725525
video_test_0000679	3.6	4.4	12	0.274630
video_test_0000680	1.6	2.2	33	0.950656
video_test_0000680	4.1	5.0	33	0.148114
video_test_0000681	16.0	22.7	31	0.008748
video_test_0000682	19.0	22.5	12	0.544394
video_test_0000682	22.5	23.3	12	0.493861
video_test_0000683	16.8	18.1	22	0.651469
video_test_0000683	20.5	21.5	22	0.328102
video_test_0000683	37.2	38.0	22	0.795172
video_test_0000683	44.7	46.6	22	0.432227
video_test_0000684	24.5	34.4	85	0.920237
video_test_0000685	15.0	15.2	40	0.162884
video_test_0000685	19.8	26.0	40	0.294321
video_test_0000686	6.6	7.4	79	0.681505
video_test_0000686	17.4	19.6	79	0.798382
video_test_0000687	8.0	17.0	36	0.641092
video_test_0000687	18.5	24.2	36	0.553954
video_test_0000688	0.9	3.3	45	0.897152
video_test_0000688	4.3	8.5	45	0.462448
video_test_0000689	0.0	0.0	85	0.769241
video_test_0000689	0.0	0.0	85	0.332754
video_test_0000690	6.4	7.6	23	0.368012
video_test_0000690	14.4	15.3	23	0.253286
video_test_0000690	16.3	18.6	23	0.629084
video_test_0000691	1.4	3.4	22	0.040029
video_test_0000691	13.5	13.7	22	0.798369
video_test_0000691	15.7	19.3	22	0.439197
video_test_0000692	6.7	7.9	22	0.489037
video_test_0000692	11.4	12.3	22	0.372851
video_test_0000692	12.4	16.3	22	0.913573
video_test_0000692	19.9	22.5	22	0.846840
video_test_0000693	18.7	30.9	45	0.402805
video_test_0000693	43.6	44.4	45	0.259851
video_test_0000693	44.6	48.5	45	0.379888
video_test_0000694	8.4	11.3	79	0.029556
video_test_0000694	11.9	12.7	79	0.064774
video_test_0000694	20.0	23.2	79	0.168584
video_test_0000695	3.7	5.1	51	0.301905
video_test_0000695	6.1	6.9	51	0.794994
video_test_0000695	9.9	10.5	51	0.868198
video_test_0000695	15.7	18.3	51	0.046354
video_test_0000696	0.7	1.6	85	0.508169
video_test_0000696	2.5	3.1	85	0.424667
video_test_0000697	0.1	1.1	79	0.910350
video_test_0000697	2.3	3.0	79	0.169535
video_test_0000697	3.2	3.8	79	0.812312
video_test_0000698	1.4	2.5	7	0.823215
video_test_0000698	12.5	12.6	7	0.899065
video_test_0000698	13.9	18.6	7	0.199220
video_test_0000698	23.3	27.2	7	0.011496
video_test_0000699	3.0	3.1	68	0.979102
video_test_0000699	3.7	4.0	68	0.817241
video_test_0000700	3.9	6.7	40	0.994551
video_test_0000700	18.0	18.6	40	0.589457
